4 13 1 0 1
4 30 1 0 1
6 6 1 -1 15
9 24 1 0 1
22 4 2 0 1
22 5 2 0 1
22 6 2 0 1
22 7 2 0 1
22 8 2 0 1
22 9 2 0 1
22 10 1 0 21
22 12 2 0 1
22 13 2 0 1
22 13 6 0 -1
22 18 2 0 1
22 19 2 0 1
22 20 2 0 1
22 21 2 0 1
22 22 2 0 1
22 30 2 0 1
22 31 2 0 1
22 34 2 0 1
22 36 2 0 1
22 38 2 0 1
22 39 2 0 1
22 40 2 0 1
22 41 2 0 1
22 42 2 0 1
22 44 2 0 1
22 45 2 0 1
22 46 2 0 1
22 47 2 0 1
22 48 2 0 1
22 49 2 0 1
22 51 2 0 2
22 52 2 0 2
22 53 2 0 1
22 54 2 0 2
22 55 2 0 1
22 56 2 0 1
22 57 2 0 1
22 58 2 0 1
22 59 2 0 1
22 60 2 0 2
22 61 2 0 1
22 62 2 0 1
22 63 2 0 1
22 64 2 0 1
22 65 2 0 1
22 67 2 0 1
22 68 2 0 1
22 69 2 0 1
22 70 2 0 1
22 75 2 0 1
22 76 2 0 1
22 77 2 0 1
22 80 2 0 1
22 81 2 0 1
22 83 2 0 1
22 84 2 0 1
22 85 2 0 1
22 87 2 0 -1
22 87 3 0 1
22 88 2 0 1
22 89 2 0 1
22 90 2 0 1
22 90 6 0 -1
22 92 2 0 1
22 102 2 0 1
22 108 2 0 1
22 115 1 0 8
23 18 8 0 1
25 6 13 1 -12
25 7 1 0 1
35 13 16 1 -15
35 14 1 0 1
39 1 17 1 -16
39 2 1 0 1